((("Article" .
   [1 0 0 0 0 0 0])
  ("description" .
   [1 0 0 0 0 0 0 0 0 0 0])
  ("return" .
   [1 0 0 0 0 0])
  ("__unicode__" .
   [1 0 0 0 0 0 0 0 0 0 0])
  ("code" .
   [4 0 0 0])
  ("100" .
   [1 0 0])
  ("year" .
   [1 0 0 0])
  ("title" .
   [1 0 0 0 0])
  ("self" .
   [5 0 0 0])
  ("def" .
   [2 0 0])
  ("CharField" .
   [2 0 3 1 1 1 0 0 0])
  ("blank" .
   [7 0 0 0 0])
  ("True" .
   [9 0 0 0])
  ("Model" .
   [1 0 0 1 0])
  ("max_length" .
   [5 0 0 3 2 1 0 0 0 0])
  ("Charfield" .
   [3 0 1 0 0 0 0 0 0])
  ("models" .
   [21 0 0 0 0 0])
  ("classes" .
   [0 0 0 0 0 1 0])
  ("Django" .
   [0 0 0 0 1 0])
  ("defm" .
   [0 0 0 1])
  ("class" .
   [2 0 0 0 0])
  ("faq" .
   [3 0 0])
  ("from" .
   [2 0 0 0])
  ("medcodes" .
   [1 0 0 0 0 0 0 0])
  ("views" .
   [1 0 0 0 0])
  ("import" .
   [2 0 0 0 0 0])))
